Storage Wars
Custom
HailActorGetQuest -Actor "Vikana"
-247.88 13.58 128.10
-250.69 13.58 118.20
-252.00 13.50 108.05
-256.28 13.45 98.68
-261.55 13.23 89.78
-266.78 12.43 81.11
-271.99 11.50 72.48
-277.42 10.88 63.85
-283.16 10.58 55.32
-288.54 10.27 46.85
-294.02 9.55 38.20
-299.34 8.35 29.79
-304.82 7.56 21.12
-310.18 6.95 12.66
-315.61 5.96 4.08
-321.06 5.01 -4.53
-326.37 3.82 -12.97
-331.02 2.56 -22.10
-334.28 1.88 -31.55
-336.70 1.37 -41.60
-338.99 0.93 -51.49
-341.30 0.79 -61.39
-343.56 0.04 -71.11
-345.87 -0.01 -81.06
-348.27 0.27 -91.37
-350.82 0.32 -101.28
-353.90 0.32 -111.06
-357.18 0.32 -120.78
-360.53 0.48 -130.34
-364.41 0.48 -139.94
-370.14 0.63 -148.43
-377.00 0.32 -156.02
-384.30 0.32 -163.32
-392.19 -0.10 -169.64
-401.51 -0.27 -173.51
Custom
ClickActor "Temple Street Cart"
-410.50 -0.03 -175.05
Wait
20
-410.50 -0.03 -175.05
Custom
Path -PL 4 -L -R -QA "-A|Pried Open Chest|-T|QSC:It looks like Vikana's product delivery made it to Forlorn Gist but was stolen|-E|H"
-410.50 -0.03 -175.05
-406.09 -0.24 -176.06
-399.58 -0.19 -181.29
-393.26 -0.09 -186.36
-393.57 -0.02 -192.56
-410.44 -0.04 -175.06
-410.44 -0.04 -175.06
-401.26 -0.26 -170.66
-393.22 0.02 -164.45
-385.20 0.32 -158.02
-377.54 0.32 -151.02
-371.22 0.49 -143.07
-366.04 0.49 -134.24
-361.19 0.49 -125.20
-356.79 0.32 -115.94
-352.78 0.32 -106.74
-348.94 0.30 -97.39
-345.11 0.17 -88.06
-341.29 -0.01 -78.76
-337.36 0.17 -69.19
-333.50 0.87 -59.80
-329.68 1.30 -50.49
-325.89 2.08 -41.25
-321.95 2.58 -31.66
-318.16 3.33 -22.43
-314.40 4.68 -13.26
-310.52 5.94 -3.84
-306.54 6.69 5.86
-302.68 7.32 15.26
-298.81 7.92 24.69
-294.93 9.05 34.14
-291.11 10.07 43.45
-287.20 10.49 52.96
-283.32 10.78 62.41
-279.43 11.24 71.89
-275.59 12.00 81.24
-271.60 12.63 90.59
-266.70 13.19 99.43
-261.74 13.17 108.35
-256.85 13.47 117.19
-250.97 13.58 125.49
Custom
HailActor "Vikana" 3
-247.51 13.58 128.79
-249.78 13.58 118.96
-252.36 13.49 109.03
-256.31 13.45 99.63
-261.08 13.30 90.45
-265.85 12.53 81.34
-270.60 11.54 72.28
-275.50 10.86 62.94
-280.17 10.56 54.04
-285.10 10.18 45.11
-290.20 9.47 36.14
-295.42 8.29 27.26
-300.72 7.55 18.81
-306.16 6.93 10.14
-311.59 6.04 1.49
-316.96 4.93 -7.07
-322.30 3.62 -15.60
-327.75 2.57 -24.29
-332.85 1.87 -33.10
-336.79 1.31 -42.33
-339.68 0.91 -52.49
-342.26 0.72 -62.30
-344.86 0.02 -72.18
-347.41 -0.01 -81.91
-350.04 0.25 -91.87
-353.23 0.32 -101.39
-357.27 0.32 -110.82
-361.37 0.32 -120.34
-365.37 0.49 -129.52
-369.96 0.49 -138.74
-375.36 0.50 -147.32
-382.02 0.32 -155.04
-388.92 0.29 -162.74
-395.66 -0.27 -170.27
-402.07 -0.24 -178.08
-407.84 0.01 -186.68
-407.43 0.20 -196.75
-401.05 0.46 -204.76
-393.72 1.65 -211.49
-385.13 3.47 -216.42
-375.87 5.54 -219.77
-366.66 8.12 -223.45
-357.54 9.95 -227.89
-348.62 10.95 -232.65
-339.70 12.43 -236.95
-330.53 14.75 -241.15
-321.08 16.38 -244.98
-311.30 17.78 -247.82
-301.57 19.39 -249.77
-291.57 21.65 -251.18
-281.61 23.93 -252.06
-271.52 25.29 -252.96
-261.58 26.46 -254.03
-251.58 27.57 -255.74
-241.87 29.22 -258.93
-233.95 31.20 -265.02
-225.32 32.58 -270.20
-229.15 34.01 -279.39
-233.01 36.33 -288.62
-236.88 37.76 -298.18
-240.82 38.10 -307.66
-244.95 41.53 -316.30
-248.64 46.87 -323.99
-252.53 50.53 -332.51
-256.70 53.11 -341.81
-258.70 53.59 -345.93
-268.80 53.49 -346.64
-279.04 53.58 -346.73
Custom
ZoneDoor "Zone to Merchant Den" "The Merchant's Den [Solo]"
-290.07 53.72 -345.49
Custom
Instance
-113.29 0.77 -53.10
Custom
ZoneDoor Exit
-236.63 -5.16 124.98
-277.21 53.57 -345.77
-266.96 53.39 -344.94
-256.94 53.44 -343.90
-247.70 52.37 -339.49
-243.01 49.50 -330.84
-241.08 45.04 -321.97
-241.61 39.67 -313.18
-240.66 37.64 -303.27
-239.38 36.81 -293.30
-237.94 34.87 -283.40
-236.93 32.58 -273.64
-239.36 30.79 -263.82
-244.96 28.13 -255.89
-254.25 26.77 -251.72
-264.29 25.78 -249.51
-274.08 24.94 -247.63
-284.03 24.11 -245.73
-293.91 22.43 -243.84
-303.88 20.54 -241.93
-313.59 18.80 -240.07
-323.36 16.88 -238.20
-333.01 14.25 -236.35
-342.73 11.72 -234.48
-352.32 10.57 -231.82
-361.76 9.28 -228.50
-370.66 7.06 -224.25
-378.82 4.77 -218.62
-386.52 2.42 -212.18
-393.44 0.60 -205.03
-399.04 0.02 -196.63
-401.89 -0.01 -186.87
-397.36 -0.23 -177.84
-391.80 -0.06 -169.50
-386.11 0.32 -161.20
-380.32 0.32 -152.74
-374.54 0.49 -144.32
-368.80 0.49 -135.69
-363.94 0.49 -126.54
-360.06 0.32 -117.07
-356.16 0.32 -107.41
-352.39 0.32 -98.06
-348.56 0.03 -88.57
-344.74 -0.01 -79.10
-340.91 0.15 -69.61
-337.12 0.85 -60.36
-333.15 1.10 -50.90
-329.26 1.89 -41.60
-325.28 2.33 -32.11
-321.30 3.09 -22.59
-317.32 4.22 -13.09
-313.34 5.58 -3.61
-309.46 6.47 5.67
-305.54 7.19 15.01
-301.55 7.80 24.29
-297.13 8.86 33.37
-292.03 9.97 42.32
-286.81 10.43 51.18
-281.75 10.73 59.88
-276.78 11.11 68.73
-271.60 11.86 77.98
-266.59 12.71 86.93
-261.68 13.33 95.76
-257.19 13.34 105.06
-252.83 13.56 114.37
-248.55 13.58 123.43
Custom
HailActor "Vikana" 5
-247.45 13.58 129.24
