Hot Sales in Hopewell
Custom
Path 
202.70 -60.51 454.00
202.70 -49.59 454.00
195.41 -50.80 496.23
189.44 -51.90 546.66
189.45 -60.26 546.66
Custom
HailActorGetQuest -Actor ""Rahele""
189.45 -60.26 546.66
Custom
FlyUp 5
190.18 -60.27 547.18
190.18 -10.04 547.18
190.18 40.05 547.18
160.18 78.89 557.22
124.18 112.26 567.74
77.98 127.44 580.71
29.76 127.44 594.25
-18.68 127.44 607.84
-67.03 127.44 621.42
-115.48 127.44 635.02
-160.84 127.44 656.41
Custom
Path -PL 31 -L -R -QA "-QD|100|-A|a malicious dustmaw|-T|QSC:Hunt malicious dustmaws for skin|E|K" -QA "-QD|150|-A|an arachnid sandstalker|-T|QSC:Hunt arachnid sandstalkers for shells|E|K"
-147.85 105.34 670.40
-122.73 105.34 669.39
-97.71 105.34 668.39
-72.42 105.34 667.38
-47.25 105.34 666.38
-22.19 105.34 665.38
-8.93 105.34 686.70
-23.50 105.34 707.21
-44.55 105.34 720.94
-63.15 105.34 738.19
-80.91 105.34 756.12
-104.05 104.10 765.77
-120.71 86.42 771.71
-137.45 68.64 777.68
-160.47 58.76 779.84
-183.24 48.22 780.24
-208.48 48.22 779.34
-232.91 48.22 773.94
-253.63 49.67 759.58
-277.97 49.67 753.55
-302.13 49.67 746.86
-314.66 62.94 729.53
-329.99 69.86 710.92
-345.05 69.86 690.55
-358.92 69.86 669.58
-371.51 59.61 650.55
-389.63 53.79 633.99
-408.08 61.54 618.94
-422.65 80.16 610.76
-441.92 93.45 601.69
-462.48 103.62 591.26
-480.00 103.62 573.06
-149.93 104.94 667.55
Custom
FlyUp 5
187.19 -60.16 544.85
187.19 -10.04 544.85
180.36 33.06 520.22
169.81 64.16 482.19
156.53 71.80 434.33
143.44 82.96 387.14
130.07 87.44 338.96
116.61 87.44 290.46
103.17 87.44 242.03
90.65 75.99 194.96
78.80 62.08 148.35
69.90 50.28 100.20
Custom
Path -PL 28 -L -QA "-A|Coconut|-T|QSC:I have the additional items|-E|H"
69.90 50.28 100.20
Custom
FlyDown
59.77 39.89 42.33
Custom
ClickActor TintFlags-0
58.45 20.40 38.47
Custom
ClickActor Coconut
57.86 20.55 39.95
Custom
ClickActor Coconut
57.86 20.55 39.95
Custom
FlyDown
18.96 5.32 50.26
10.67 4.58 56.08
2.47 4.28 61.94
-6.10 4.33 67.69
-14.89 5.78 72.76
-24.55 6.25 75.60
-34.84 6.26 75.13
-44.79 5.89 73.77
-55.09 6.30 72.90
-64.52 7.39 69.14
Custom
ClickActor TintFlags-0
-66.09 6.85 66.46
Custom
ClickActor Coconut
-66.09 6.85 66.46
Custom
ClickActor Coconut
-66.09 6.85 66.46
-73.81 6.21 60.09
-81.78 5.77 53.76
-89.64 5.81 47.15
-97.33 7.11 40.83
Custom
ClickActor TintFlags-0
-97.93 7.34 40.03
Custom
ClickActor Coconut
-97.93 7.34 40.03
Custom
ClickActor Coconut
-97.93 7.34 40.03
-91.46 5.94 47.63
-81.68 5.68 50.43
-76.16 5.20 42.05
Wait
1
-75.25 5.13 39.11
Custom
FlyUp 5
-75.25 5.13 39.11
-75.25 15.47 39.11
Custom
FlyDown
-88.82 24.79 -49.37
Custom
ClickActor TintFlags-0
-86.15 18.24 -51.34
Custom
ClickActor Coconut
-86.15 18.24 -51.34
Custom
ClickActor Coconut
-86.15 18.24 -51.34
Custom
FlyUp 5
-86.15 18.24 -51.34
-86.15 41.62 -51.34
Custom
FlyDown
-110.57 40.94 -59.63
Custom
ClickActor TintFlags-0
-100.47 28.88 -61.11
Custom
ClickActor Coconut
-100.47 28.88 -61.11
Custom
ClickActor Coconut
-100.47 28.88 -61.11
-104.89 29.64 -70.17
-107.29 29.33 -79.93
-109.36 27.38 -89.89
-108.16 23.98 -99.55
-104.76 20.70 -108.48
-100.43 17.55 -117.42
-95.74 14.69 -125.97
-90.91 12.95 -134.75
-86.05 11.32 -143.58
-80.90 10.51 -152.43
-77.18 10.80 -161.71
Custom
ClickActor TintFlags-0
-74.95 10.16 -167.41
Custom
ClickActor Coconut
-74.95 10.16 -167.41
Custom
ClickActor Coconut
-74.95 10.16 -167.41
-74.11 9.70 -153.85
-64.04 7.71 -154.51
-64.13 7.34 -164.58
-66.04 6.89 -174.54
-67.18 6.82 -184.72
-67.67 8.01 -194.83
-70.45 8.17 -204.55
Custom
ClickActor TintFlags-0
-77.59 9.68 -212.37
Custom
ClickActor Coconut
-77.59 9.68 -212.37
Custom
ClickActor Coconut
-77.59 9.68 -212.37
-58.84 5.92 -195.22
-50.34 3.30 -199.84
-41.43 2.46 -204.69
-31.86 2.51 -207.72
-21.82 2.52 -209.89
-12.02 2.53 -211.99
-3.26 2.47 -217.13
3.29 7.54 -223.00
9.36 12.59 -228.94
Custom
ClickActor TintFlags-0
5.36 12.91 -232.60
Custom
ClickActor Coconut
5.36 12.91 -232.60
Custom
ClickActor Coconut
5.36 12.91 -232.60
15.38 13.33 -233.96
25.47 12.10 -235.63
35.49 11.38 -235.78
45.78 11.27 -234.80
55.90 11.08 -234.74
65.73 8.93 -235.11
75.70 8.15 -235.49
85.86 9.00 -234.70
93.87 10.17 -228.78
98.93 10.02 -219.76
99.88 8.27 -209.95
97.60 6.38 -200.05
92.81 4.80 -191.26
85.94 4.36 -183.66
78.95 4.27 -176.38
71.94 4.35 -169.07
65.23 4.35 -161.50
58.61 4.35 -153.61
52.05 4.35 -145.61
Custom
FlyUp 5
51.81 4.35 -145.32
51.81 38.69 -145.32
Custom
FlyDown
81.90 38.69 -120.86
Custom
ClickActor TintFlags-0
76.41 21.13 -131.04
Custom
ClickActor Coconut
76.41 21.13 -131.04
Custom
ClickActor Coconut
76.41 21.13 -131.04
Custom
ClickActor TintFlags-0
66.92 20.53 -86.36
Custom
ClickActor Coconut
66.92 20.53 -86.36
Custom
ClickActor Coconut
66.92 20.53 -86.36
84.89 20.54 -87.13
82.13 19.08 -77.37
79.29 16.04 -68.17
73.75 13.68 -59.95
64.87 12.50 -54.69
56.16 10.24 -50.24
47.68 7.16 -45.91
38.51 5.41 -41.23
29.32 4.51 -36.47
21.43 4.34 -30.15
17.05 4.35 -20.85
16.32 4.93 -10.71
17.38 5.58 -0.55
18.73 4.81 9.68
20.11 4.90 20.13
21.41 5.07 30.35
21.20 5.38 40.42
18.07 5.24 50.17
12.98 5.15 58.88
6.40 4.58 66.75
Custom
FlyUp 5
6.25 4.58 66.79
Custom
Path -PL 28 -L -QA "-A|Mirage Crystal|-T|QSC:I have the additional|-E|H"
6.25 39.94 66.79
-14.00 39.94 52.08
-34.27 39.94 37.36
-44.19 39.94 14.09
-45.02 29.77 -8.97
-45.17 24.26 -33.40
-43.50 24.26 -58.56
-41.83 24.26 -83.80
-36.00 24.26 -108.47
-24.51 24.26 -130.68
-17.47 24.26 -146.80
-42.59 24.26 -149.77
-57.16 24.26 -170.12
-60.57 24.26 -194.99
-59.49 24.26 -198.33
-39.16 24.26 -212.92
-14.03 24.26 -213.17
7.16 24.26 -199.78
30.32 24.26 -189.74
53.60 24.26 -179.91
65.55 24.26 -174.87
52.71 24.26 -153.32
44.59 24.26 -129.63
40.12 16.24 -106.26
35.37 16.24 -81.44
30.63 16.24 -56.66
23.63 16.24 -32.31
14.90 16.24 -8.50
9.15 16.24 7.17
6.12 36.12 69.39
17.50 63.66 109.71
29.56 95.48 146.41
48.73 97.78 192.67
66.82 93.03 239.04
85.07 93.02 285.82
103.68 91.16 332.28
130.09 74.32 371.28
151.57 39.73 400.84
167.72 -0.76 425.90
187.72 -37.20 453.88
Custom
FlyDown
193.20 -46.58 460.07
193.20 -60.18 460.07
185.54 -60.16 466.54
178.08 -60.37 473.46
170.93 -60.05 480.57
163.79 -59.87 487.87
Wait
1
153.97 -55.96 497.44
160.31 -60.11 504.31
166.68 -55.95 511.23
173.29 -54.19 518.57
Wait
1
181.47 -60.24 526.46
Wait
1
193.06 -60.24 527.97
Custom
HailActor "Rahele" 2
186.78 -60.15 546.03