Renewal of Ro: Badlands Transformed
Custom
HailActorGetQuest -Actor "Parviz"
-541.29 10.66 436.26
-532.92 7.66 446.44
-528.05 4.90 455.12
-527.07 3.62 465.02
-532.25 3.57 473.74
Custom
ClickActor "Zone to Takish Badlands"
-533.26 3.57 473.12
Wait
20
-533.26 3.57 473.12
Custom
TravelMap "Takish Badlands"
-533.26 3.57 473.12
Wait
20
0 0 0
Custom
WaitWhileMoving
0 0 0
Custom
WaitForZoning
0 0 0
Wait
50
0 0 0
Custom
WaitWhileMoving
0 0 0
Custom
HailActor "Zorah" 10
632.07 155.29 -728.00
Custom
HailActor "Silrena" 4
626.49 155.29 -707.02
Custom
FlyUp 5
626.49 155.29 -707.02
598.73 193.29 -689.75
556.08 193.29 -663.23
515.45 208.76 -637.97
472.77 208.75 -611.42
430.15 207.91 -585.02
391.77 201.25 -553.66
363.21 172.77 -523.89
Custom
FlyDown
343.77 135.58 -504.62
343.77 85.32 -504.62
Custom
ClickActor "Chahida" 
343.30 83.07 -498.74
Custom
FlyUp 5
343.30 83.07 -498.74
356.42 77.88 -477.74
376.15 65.99 -447.30
409.99 56.47 -411.61
Custom
Target "an attacking grove stalker"
408.84 56.70 -412.54
Wait
20
0 0 0
Custom
ClickActor "Mimoun"
408.84 56.70 -412.54
Custom
FlyUp 5
408.84 56.70 -412.54
408.84 106.92 -412.54
388.32 107.28 -366.63
374.13 94.28 -320.23
367.77 62.64 -281.61
Custom
FlyDown
365.42 39.77 -263.03
Custom
Target "a Growth spren"
368.19 31.13 -261.55
Wait
20
368.19 31.13 -261.55
Custom
ClickActor "Amaya" 
368.19 31.13 -261.55
Custom
FlyUp 5
368.19 31.13 -261.55
363.58 77.82 -243.67
350.81 71.46 -195.50
Custom
FlyDown
337.18 55.92 -151.44
Custom
ClickActor "Ayoub" 
336.64 53.99 -150.43
Custom
FlyUp 5
336.64 53.99 -150.43
336.64 104.18 -150.43
315.63 107.66 -195.78
294.60 107.66 -241.17
276.35 99.23 -287.10
260.36 91.53 -334.14
Custom
FlyDown
265.84 82.54 -369.54
Custom
Target "an attacking grove stalker"
267.06 73.44 -375.66
Wait
20
267.06 73.44 -375.66
Custom
ClickActor "Saadet" 
267.06 73.44 -375.66
Custom
FlyUp 5
267.06 73.44 -375.66
267.06 123.52 -375.66
220.32 123.93 -394.04
173.63 123.93 -412.41
125.68 110.93 -420.67
Custom
FlyDown
108.59 106.06 -421.93
Custom
Target "a Growth spren"
104.55 98.63 -421.72
Wait
20
104.55 98.63 -421.72
Custom
ClickActor "Jibran" 
104.55 98.63 -421.72
Custom
FlyUp 5
104.55 98.63 -421.72
104.55 148.69 -421.72
150.89 155.35 -439.63
197.39 152.66 -458.23
236.83 174.62 -479.97
279.12 172.09 -507.38
321.38 172.09 -534.57
363.80 172.09 -561.37
406.21 172.09 -588.34
448.65 172.09 -615.33
491.08 172.09 -642.31
533.36 172.09 -669.20
575.69 172.09 -696.11
Custom
FlyDown
620.03 165.98 -720.26
Custom
HailActor "Zorah" 3
630.08 155.29 -729.01
Custom
HailActor "Nairion Eldi" 11
630.08 155.29 -729.01
Custom
FlyUp 5
618.32 154.92 -715.19
613.05 181.82 -673.27
608.33 174.59 -624.01
611.37 125.93 -611.51
Custom
Path -PL 9 -L -RLO -QA "-A|Moissanite|-T|QSC:Gather moissanite in Renewal Pond and Last Quench Channel|-E|H"
629.55 90.68 -599.52
629.55 90.68 -599.52
610.21 90.68 -601.28
575.32 90.68 -577.02
593.77 84.16 -556.39
548.94 84.16 -534.16
536.74 84.16 -528.11
524.01 84.16 -545.63
488.35 76.78 -512.43
478.16 66.65 -462.38
478.16 66.65 -462.38
451.00 102.81 -440.49
413.65 109.53 -407.66
378.42 106.57 -371.99
352.18 96.52 -330.45
326.86 82.46 -289.51
301.51 68.39 -248.53
275.84 53.60 -207.99
249.42 37.77 -167.80
223.01 22.92 -127.82
Custom
FlyDown
205.05 14.71 -99.63
Custom
Path -PL 63 -L -R -QA "-A|a tidal mist|-T|QSC:I have the components for Nairion's magical chisel|-E|K"
205.06 1.94 -99.63
199.82 2.08 -91.03
192.99 1.67 -83.08
185.76 1.09 -76.07
178.38 0.77 -69.28
171.05 -0.00 -62.50
163.94 0.18 -55.20
157.05 0.09 -47.76
149.34 0.07 -40.31
142.12 0.07 -33.11
136.46 0.07 -24.61
130.54 0.10 -16.38
124.37 0.10 -8.24
117.95 0.10 -0.23
111.49 0.10 7.73
105.00 0.11 15.37
98.45 0.03 22.93
91.55 -0.48 30.36
82.75 -0.42 35.50
73.13 -0.42 38.33
66.15 -0.37 31.07
59.88 -0.33 22.92
54.67 -0.34 14.25
50.06 -0.32 5.12
45.97 -0.31 -4.26
42.68 -0.32 -13.74
40.28 0.19 -23.57
38.96 1.05 -33.53
38.50 1.15 -43.82
38.94 1.12 -53.91
39.47 0.75 -64.15
49.66 0.43 -65.01
59.68 0.41 -65.61
69.69 0.41 -66.34
79.49 0.41 -68.68
88.90 0.41 -72.33
98.28 0.91 -76.36
107.25 1.33 -81.40
116.28 1.12 -86.07
119.14 0.56 -95.65
112.91 0.41 -103.54
104.50 0.95 -109.00
94.49 1.37 -110.31
85.28 1.33 -114.49
76.15 0.97 -118.58
70.26 0.41 -110.39
63.51 0.41 -102.84
54.40 0.41 -98.16
44.14 0.41 -101.47
37.55 0.41 -109.06
32.10 0.41 -117.49
27.37 0.41 -126.38
23.39 0.41 -135.70
19.18 0.41 -145.01
12.09 0.41 -152.39
2.76 0.41 -156.14
-6.51 0.41 -160.54
-15.51 0.41 -164.90
-24.78 0.51 -168.94
-34.03 1.59 -172.90
-44.06 0.75 -173.03
-53.71 0.41 -170.15
-62.89 0.41 -165.92
-68.73 0.41 -163.08
204.87 1.95 -99.62
Custom
FlyUp 5
204.87 1.95 -99.62
204.87 52.25 -99.62
230.00 74.85 -136.49
249.98 110.33 -165.81
269.93 145.76 -195.09
297.69 155.27 -235.83
326.01 155.27 -277.38
354.23 155.27 -318.79
382.59 155.27 -360.40
410.93 155.27 -401.99
437.25 173.70 -440.61
467.08 178.63 -480.69
497.52 178.63 -520.63
528.06 178.63 -560.69
557.17 179.01 -601.59
581.76 174.54 -645.08
607.02 166.79 -687.88
Custom
FlyDown
617.12 163.40 -705.36
Custom
HailActor "Nairion Eldi" 2
628.66 155.29 -725.81
Custom
FlyUp 5
630.85 155.29 -714.00
630.85 182.00 -714.00
639.60 182.00 -664.69
636.12 164.63 -617.80
615.26 127.86 -590.63
582.95 99.11 -565.31
Custom
Path -PL 37 -L -PBDE -QA "-QD|100|-A|Caedor's Obelisk|-T|QSC:I successfully removed the mental imprint shards from Caedor|-E|UI-Imprint Dissolution Chisel"
565.13 96.19 -549.87
540.15 96.19 -519.80
497.06 96.19 -494.11
453.83 96.19 -468.33
432.24 96.19 -455.46
403.01 96.19 -488.02
409.85 96.19 -438.20
416.66 96.19 -388.58
375.97 96.19 -359.39
333.24 96.19 -333.17
291.65 96.19 -305.21
252.30 96.22 -277.35
238.34 129.75 -311.77
190.58 134.43 -354.59
177.62 134.43 -402.94
164.67 134.43 -451.25
124.02 134.43 -421.62
92.08 134.43 -389.52
43.90 147.39 -394.21
12.49 147.39 -397.27
1.89 147.39 -348.20
-46.33 147.39 -361.68
-89.63 147.39 -386.72
-111.01 147.39 -399.66
-70.41 147.39 -429.02
-29.46 147.39 -458.20
6.10 147.39 -483.55
52.35 150.14 -503.05
97.44 150.14 -524.91
135.28 150.14 -557.77
185.50 150.14 -558.07
234.77 150.14 -547.80
284.66 150.14 -541.69
333.30 150.14 -529.93
383.28 147.91 -532.40
430.76 131.83 -534.75
479.92 122.59 -537.17
569.19 99.61 -550.51
569.19 99.61 -550.51
569.19 149.69 -550.51
578.84 189.54 -579.31
593.43 189.54 -627.49
Custom
FlyDown
623.40 164.54 -709.72
Custom
HailActor "Nairion Eldi" 4
629.62 155.29 -727.00
Custom
Quest "Flustered By Flora"
659.89 155.29 -717.64
Custom
Quest "Culling Seedlings"
659.89 155.29 -717.64
Custom
Quest "Garden Spikes for Takish Growth"
659.89 155.29 -717.64
Custom
ClickActor "Druid's Offering Bowl"
659.89 155.29 -717.64
644.95 155.29 -718.52
634.73 155.29 -718.22
624.87 155.29 -716.25
615.59 154.92 -711.29
607.01 155.25 -705.34
597.13 156.65 -704.67
587.00 156.87 -706.29
576.93 155.05 -706.90
567.21 152.37 -706.11
558.85 148.73 -701.92
553.53 142.03 -695.93
548.49 138.45 -688.04
543.50 139.46 -679.27
541.86 139.51 -669.33
Custom
Quest "Market Opportunities"
549.58 139.51 -658.41
Custom
Quest "Component Parts"
549.58 139.51 -658.41
Custom
Quest "Sea of Opportunity"
549.58 139.51 -658.41
Custom
ClickActor "Takish'Hiz Sunset Vase"
549.62 139.51 -658.56
Custom
FlyUp 5
539.11 139.51 -658.32
539.11 174.55 -658.32
494.60 174.55 -634.94
450.27 174.55 -611.65
405.76 174.55 -588.26
360.79 174.55 -565.98
314.75 174.55 -545.81
269.82 174.55 -523.34
224.86 174.55 -500.86
179.86 174.55 -478.37
134.83 174.55 -455.85
89.83 174.55 -433.35
44.83 174.55 -410.81
3.91 174.55 -382.03
-42.12 174.55 -361.84
Custom
Path -PL 15 -L -QA "-QD|100|-A|Arbo Shale|-T|QSC:I've gathered all of the materials Nairion needs for the construction of the altar to Tunare|-E|H"
-79.60 174.77 -348.25
-100.73 174.77 -337.41
-100.73 174.77 -337.41
-108.41 174.77 -305.57
-114.31 171.02 -267.13
-162.84 171.02 -266.30
-220.68 171.02 -268.83
-259.42 171.02 -300.68
-301.67 171.02 -327.50
-314.19 171.02 -376.05
-319.84 171.02 -400.53
-300.83 171.02 -414.10
-272.61 171.02 -412.34
-222.53 171.02 -409.65
-172.72 171.02 -416.42
-137.96 171.02 -420.49
-76.91 171.02 -344.92
-30.89 167.67 -365.04
14.10 167.67 -387.01
59.32 167.67 -409.09
104.47 167.67 -431.14
149.61 167.67 -453.19
194.80 167.67 -475.25
239.94 167.67 -497.30
285.13 167.67 -519.37
330.29 167.67 -541.43
374.22 167.67 -565.82
416.77 175.57 -591.07
459.98 175.57 -616.71
502.35 175.57 -643.68
544.78 175.57 -670.68
Custom
FlyDown
613.36 164.94 -713.45
Custom
HailActor "Nairion Eldi" 2
629.12 155.29 -727.15
