Delta Field Research Requisition C
Custom
CheckAndSet -InZone "Sandstone Delta" 7
0 0 0
Custom
UseItem "Call of the Delta"
0 0 0
Custom
HailActorMultiOption "Shahin" 2 1 1 1
752.86 115.82 -445.89
Custom
FastTravel "Raj'Dur Plateaus"
195.83 -60.46 455.38
186.15 -59.35 445.47
170.38 -55.28 429.74
152.31 -48.65 411.73
139.73 -41.42 396.05
129.25 -35.44 381.76
109.26 -26.42 368.03
92.86 -21.84 361.18
76.10 -16.95 355.58
61.99 -14.77 351.37
45.67 -13.12 345.78
28.60 -11.58 339.94
13.69 -10.63 335.70
-0.71 -10.72 331.61
-15.04 -11.03 327.17
-28.90 -11.36 321.80
-43.65 -11.71 316.07
-49.92 -13.07 313.64
Custom
Path -PL 199 -L -DFPWD -R -QA "-QD|100|-A|twisted roots|-T|QSC:harvested Brittlebush Taproot|-E|H" -QA "-QD|100|-A|shoal of fish|-T|QSC:harvested Bonytail Chub|-E|H" -QA "-QD|100|-A|animal den|-T|QSC:harvested Dustmaw Hides|-E|H" -CT "QSC:harvested the needed"
-54.79 -13.79 306.50
-55.99 -14.05 310.49
-60.12 -14.60 306.47
-69.97 -16.41 303.37
-80.07 -15.95 302.73
-90.15 -15.25 305.85
-100.45 -15.08 309.92
-109.51 -15.08 315.31
-118.55 -15.71 320.78
-124.22 -17.59 330.00
-127.72 -17.99 339.70
-129.51 -15.80 349.34
-131.17 -13.89 359.49
-132.91 -13.77 370.10
-134.52 -13.92 380.45
-134.64 -13.64 391.33
-133.50 -11.97 402.16
-129.92 -9.49 411.52
-126.02 -7.24 421.63
-122.47 -5.62 431.58
-120.32 -3.91 441.63
-123.71 -3.77 452.17
-128.16 -3.76 461.28
-133.35 -3.59 470.23
-139.13 -3.75 479.71
-144.63 -8.25 488.50
-150.06 -12.96 497.19
-154.99 -18.93 504.74
-160.76 -19.25 513.62
-167.84 -18.04 521.54
-175.24 -17.10 529.19
-182.29 -17.06 536.77
-184.88 -20.99 546.04
-186.17 -30.03 550.83
-188.03 -32.90 560.79
-189.27 -32.55 571.02
-189.89 -32.41 581.18
-190.54 -33.02 591.96
-191.33 -34.77 601.98
-193.75 -36.65 611.54
-197.64 -39.69 620.31
-202.01 -43.88 629.03
-206.67 -47.09 637.88
-212.33 -48.14 646.14
-212.21 -46.42 656.52
-220.33 -49.94 651.80
-229.57 -52.80 657.00
-233.96 -54.55 666.58
-236.45 -54.16 676.32
-238.93 -54.51 686.04
-245.59 -55.09 693.78
-255.67 -52.88 694.26
-264.08 -48.65 689.62
-272.03 -46.65 683.73
-280.50 -44.95 677.43
-288.93 -46.61 671.14
-296.62 -49.47 665.06
-302.46 -52.63 657.44
-306.54 -51.50 648.07
-309.52 -46.52 639.38
-312.18 -41.57 631.00
-315.05 -37.85 621.73
-317.21 -34.76 612.16
-319.90 -31.80 602.89
-322.98 -28.84 593.62
-327.94 -26.43 584.98
-334.66 -25.18 577.44
-344.30 -24.27 574.32
-354.39 -23.67 573.18
-363.38 -23.94 568.18
-373.52 -22.95 571.71
-382.05 -20.19 578.94
-389.60 -16.89 586.05
-391.52 -15.99 595.87
-384.65 -17.43 603.48
-379.32 -18.60 612.71
-373.21 -22.50 620.50
-367.55 -28.51 627.41
-361.26 -31.29 635.04
-354.20 -32.28 642.68
-346.47 -31.34 649.46
-335.85 -33.47 650.71
-328.10 -41.72 650.09
-317.76 -46.41 649.27
-308.48 -50.84 648.52
-297.85 -53.72 647.20
-288.56 -53.72 642.47
-283.49 -52.25 633.49
-282.53 -46.90 622.74
-284.48 -44.34 612.74
-286.86 -42.68 602.88
-289.41 -40.71 592.90
-291.81 -37.26 583.66
-294.36 -33.85 573.81
-296.64 -32.12 563.75
-297.49 -31.22 553.58
-296.05 -29.51 543.49
-294.17 -28.86 533.68
-290.47 -28.92 524.11
-284.36 -29.79 515.72
-276.94 -28.41 508.99
-268.04 -27.10 503.36
-258.19 -26.56 497.72
-248.46 -26.64 493.25
-238.59 -27.40 489.82
-228.89 -28.17 487.19
-219.16 -28.57 484.60
-210.16 -28.55 477.04
-205.68 -27.25 466.64
-203.89 -27.06 455.95
-202.80 -27.20 445.23
-201.15 -25.84 434.73
-198.63 -24.43 424.78
-194.93 -22.36 414.36
-189.66 -21.78 404.62
-183.86 -21.22 395.77
-177.72 -19.79 386.95
-171.88 -17.00 378.53
-166.20 -14.72 370.36
-160.00 -12.63 361.43
-153.89 -11.94 352.64
-147.48 -13.24 343.42
-141.68 -15.68 335.08
-135.59 -16.79 326.32
-129.41 -14.76 318.15
-121.51 -12.09 311.61
-113.66 -11.16 305.15
-105.72 -10.34 298.62
-105.59 -12.37 303.33
-102.08 -6.88 284.07
-100.04 -5.17 266.42
-99.35 -3.90 248.33
-101.86 -2.38 226.47
-103.89 1.24 208.84
-111.65 2.83 192.82
-122.35 1.27 175.52
-139.35 -4.77 167.31
-157.48 -7.49 167.50
-171.46 -6.29 168.04
-161.13 -1.05 143.63
-142.61 6.29 106.73
-136.36 6.81 86.10
-135.05 7.23 69.35
-118.98 7.20 56.58
-99.19 7.65 41.92
-74.28 6.12 -5.33
-58.32 7.44 -103.09
-63.91 8.78 -121.54
-76.55 10.10 -142.21
-84.60 11.18 -154.17
-68.40 8.36 -167.22
-69.20 7.00 -180.34
-72.31 8.64 -203.29
-76.86 9.51 -222.49
-85.50 10.18 -240.28
-96.48 11.21 -253.32
-90.52 7.07 -268.22
-76.29 2.05 -278.13
-53.13 2.34 -275.08
-37.81 2.39 -265.43
-24.00 2.42 -253.37
-8.25 7.71 -241.24
5.77 15.07 -237.03
16.63 13.54 -238.75
32.04 11.23 -235.55
50.91 9.89 -230.29
61.56 9.63 -233.52
75.74 7.91 -230.97
88.56 9.04 -228.01
110.78 15.19 -230.01
115.95 15.30 -221.34
113.58 11.68 -210.33
109.35 8.89 -200.75
102.87 6.57 -195.37
92.11 4.88 -192.58
82.57 5.17 -191.69
76.79 4.32 -183.98
70.49 4.30 -171.99
49.32 4.71 -108.49
45.89 4.85 -97.69
43.99 4.46 -90.18
42.32 4.78 -80.53
40.11 4.69 -70.73
37.52 4.38 -60.27
35.21 4.43 -50.01
34.92 5.60 -31.21
42.29 15.03 2.11
41.73 14.70 17.90
39.32 6.43 44.92
30.44 4.80 74.20
29.75 3.04 101.35
34.38 5.30 129.28
33.08 -0.93 151.44
28.49 -3.26 178.99
27.56 2.15 197.47
31.69 7.25 221.62
17.65 13.44 241.05
-2.80 14.02 255.69
-20.17 14.01 266.89
-42.38 5.40 279.90
Custom
UseItem "Call of the Delta"
0 0 0
Custom
Path
757.65 116.02 -443.57
750.93 115.82 -448.37
756.99 116.58 -453.34
Custom
CraftIt "Improved Pest Repellent Scroll" 3
756.99 116.58 -453.34
750.31 115.98 -445.84
755.98 115.96 -445.67
Custom
BuyFromVendor "Tarkin" "Call of the Delta" 2
749.95 115.88 -453.07
Custom
HailActor "Shahin" 1 3
755.98 115.96 -445.67