Wind Beneath Their Wings
Custom
HailActorGetQuest -Actor "Ecihoolo"
-776.99 191.51 224.39
-782.61 190.24 219.74
-815.88 189.16 266.16
-864.33 188.99 330.86
-912.42 186.75 304.56
-895.87 166.22 216.97
-872.84 159.36 128.18
-836.75 144.42 38.95
-736.10 142.50 20.50
-677.47 141.90 -18.79
Custom
ClickActor "Fly from Isles of Wisdom"
-677.47 141.90 -18.79
Wait
5
-677.47 141.90 -18.79
Custom
TravelMap "Auric Palisades"
-677.47 141.90 -18.79
-687.43 150.42 -377.62
-656.86 132.26 -397.03
-656.70 132.42 -395.33
Custom
Target "a guarding grappler" 0 14
-656.70 132.42 -395.33
Wait
8
-656.70 132.42 -395.33
Custom
ClickActor "Kreaw"
-656.70 132.42 -395.33
Wait
8
-656.70 132.42 -395.33
Custom
Target "a guarding grappler" 0 14
-497.24 94.58 -487.26
Wait
8
-497.24 94.58 -487.26
Custom
ClickActor "Qrashra"
-497.24 94.58 -487.26
Wait
8
-497.24 94.58 -487.26
Custom
Target "a guarding grappler" 0 14
-497.24 94.58 -487.26
Wait
8
-497.24 94.58 -487.26
-497.24 94.58 -487.26
Custom
Target "a guarding grappler" 0 14
-480.86 94.49 -491.05
Custom
ClickActor "Hooatio"
-480.86 94.49 -491.05
Wait
8
-480.86 94.49 -491.05
-449.48 98.10 -542.53
-395.10 117.71 -595.98
-364.76 122.49 -616.81
Custom
Target "a guarding grappler" 0 14
-364.76 122.49 -616.81
-364.76 122.49 -616.81
Custom
ClickActor "Arrei"
-364.76 122.49 -616.81
Wait
8
-364.76 122.49 -616.81
-356.36 124.24 -647.21
-350.01 126.39 -675.55
Custom
Target "a maedjinn guard" 0 5
-350.01 126.39 -675.55
-350.01 126.39 -675.55
Custom
Target "a maedjinn guard" 0 5
-350.01 126.39 -675.55
Custom
ClickActor "Caiw"
-350.01 126.39 -675.55
Wait
8
-350.01 126.39 -675.55
Custom
CheckQuestStep "I freed" 99
-350.01 126.39 -675.55
Custom
CheckQuestStep "I am to use the oil" 24
-350.01 126.39 -675.55
-390.74 121.75 -608.33
-350.03 168.72 -677.11
-350.03 186.00 -677.11
-352.72 197.12 -644.04
-371.39 200.48 -563.36
-394.61 205.58 -495.45
-413.23 209.05 -450.33
-441.64 213.79 -389.92
-473.05 219.03 -323.14
-501.15 223.72 -263.37
-536.79 229.67 -187.59
-582.99 237.37 -89.34
-636.50 246.30 24.42
-669.40 251.79 94.40
-710.06 257.92 170.82
-784.36 260.43 231.57
-793.87 219.93 223.55
-793.86 190.10 223.55
-776.86 191.55 225.69
-775.44 191.82 224.51
Custom
HailActor "Ecihoolo" 6 1
-776.99 191.51 224.39
