-916.60 0.85 -36.19
-905.78 -0.98 -34.99
-896.02 -2.54 -33.11
-886.20 -3.28 -31.37
-876.11 -3.55 -29.94
-865.94 -3.68 -28.79
-855.86 -3.88 -27.80
-845.91 -4.44 -26.92
-835.96 -5.63 -25.85
-825.88 -6.84 -25.00
-815.73 -8.58 -24.23
Custom
Target drakota 0 30
-808.79 -9.88 -23.64
Wait
20
-808.79 -9.88 -23.64
-798.99 -11.71 -22.39
-788.95 -13.82 -21.08
-778.88 -15.82 -19.85
Custom
CheckAndSet -NotActiveQuest "Renewal of Ro: Buried Truths" 29
-772.62 -16.89 -19.09
Custom
ClickActor "A Resident's Journal"
-772.62 -16.89 -19.09
Custom
ReadBook "A Troubling Account" 1 1
-772.62 -16.89 -19.09
Named
Shiroth
CustomNamed
-772.62 -16.89 -19.09
-772.96 -16.81 -4.21
-767.58 -20.94 3.49
-761.05 -26.16 9.09
Wait
20
-750.43 -34.00 18.18
Wait
1
-749.39 -39.91 28.76
-739.06 -42.37 37.14
-731.07 -44.77 43.71
-723.22 -47.75 50.10
-715.55 -50.77 56.02
-707.86 -53.89 61.75
-700.19 -57.15 67.38
-692.34 -59.99 73.12
-684.19 -62.09 79.09
Wait
1
-675.86 -63.26 85.18
Custom
ClickActor teleporter_tunnel_to_puzzle
-683.96 -64.60 96.24
Wait
20
0 0 0
Custom
Terrenepuzzle
-186.54 44.98 316.12
Custom
ClickActor teleporter_puzzle_to_royal
-248.08 47.13 394.28
Wait
20
-248.08 47.13 394.28
Wait
20
-931.88 33.08 576.26
Named
Terranus
CustomNamed
-931.88 33.08 576.26
-931.53 33.08 539.89
-931.15 33.08 524.23
-930.94 33.08 509.22
-931.18 33.08 495.98
Custom
HailActor Malachiel
-928.70 38.39 471.69
Wait
50
-928.70 38.39 471.69
Named
Terratha
CustomNamed
-928.70 38.39 471.69
Custom
ClickActor door_to_geomancer
-928.31 38.39 462.27
-928.05 34.87 452.51
-928.23 29.97 443.47
-928.18 25.07 434.44
-928.30 23.13 424.29
-928.30 22.98 414.17
-920.05 22.99 408.50
-912.15 22.98 402.37
-906.30 22.98 394.14
-900.52 22.98 385.84
-893.93 22.98 378.18
-898.39 22.98 369.18
-903.48 22.98 360.51
-907.50 22.98 351.23
-910.20 22.98 341.52
-912.79 22.98 331.80
-915.06 23.20 321.96
-917.70 27.14 312.99
-928.57 32.77 309.27
Named
Malachiel
CustomNamed
-928.38 33.85 313.72
Wait
1
-928.37 32.77 309.08
Wait
20
-898.79 22.98 326.93
