207.20 -60.24 578.06
Wait
1
200.55 -60.24 573.00
Wait
1
203.46 -60.24 553.97
Wait
1
200.87 -60.24 536.21
199.29 -62.82 516.56
Wait
20
197.76 -62.79 493.75
Custom
Target lookout 0 25
196.77 -62.71 481.88
Wait
50
196.77 -62.71 481.88
Named
Baka
CustomNamed
193.93 -60.30 462.21
184.77 -59.25 449.07
178.27 -58.03 441.47
171.68 -55.97 433.98
165.62 -53.95 426.28
159.56 -51.53 418.60
153.46 -48.62 410.86
147.52 -45.56 403.33
141.65 -42.17 395.88
135.71 -38.48 388.39
128.20 -35.03 381.33
120.41 -31.37 375.68
112.47 -27.81 370.44
104.10 -24.68 365.24
95.15 -22.43 360.89
86.11 -19.77 356.93
76.85 -16.95 353.60
67.37 -15.25 350.35
57.71 -13.75 347.04
48.01 -12.82 343.72
38.38 -12.60 340.88
28.42 -11.43 338.54
18.51 -10.61 336.31
8.47 -10.71 334.03
-1.27 -10.73 331.70
-11.21 -10.92 329.00
-21.04 -11.26 325.99
-30.60 -11.55 322.91
-39.72 -11.64 318.56
-45.57 -12.16 310.39
-50.91 -13.33 302.00
-60.90 -14.76 300.48
-69.86 -16.11 296.23
-79.93 -15.26 295.69
-89.27 -14.23 299.84
-97.70 -14.29 305.50
-105.73 -14.74 311.54
-113.04 -15.51 318.46
-118.20 -17.21 327.02
-123.85 -18.10 335.25
-130.64 -16.81 342.61
-138.24 -13.31 348.52
-146.09 -11.24 354.44
-154.44 -11.38 360.73
-162.54 -13.38 366.85
-170.42 -16.25 372.92
-178.08 -18.62 379.28
-182.65 -20.19 388.21
-186.54 -21.45 397.60
-190.30 -21.83 406.88
-193.62 -22.60 416.56
-199.48 -24.46 424.63
-207.40 -25.44 431.09
-215.96 -22.81 436.00
-217.70 -23.94 446.00
-220.22 -25.54 455.56
-224.52 -25.52 464.62
-231.29 -26.29 472.32
-239.98 -26.59 477.45
-249.26 -26.41 481.43
-258.99 -26.59 484.92
-268.69 -26.84 488.11
-278.41 -26.45 490.88
-288.35 -25.98 493.00
-298.43 -24.84 494.92
-307.75 -21.97 497.22
-317.29 -19.07 500.05
-326.90 -18.27 503.25
-336.49 -19.02 506.76
-346.04 -19.98 510.44
-355.44 -21.94 513.84
-364.31 -25.58 516.97
-373.90 -27.46 519.36
-384.02 -27.70 518.41
-394.13 -26.02 517.38
-404.41 -24.43 516.78
-414.21 -21.85 517.51
-423.61 -19.96 520.62
-432.48 -16.84 524.53
-441.56 -13.86 528.44
-450.80 -11.86 532.19
-460.17 -10.03 535.59
-469.90 -8.11 537.51
-479.85 -6.68 536.21
-489.30 -6.14 532.85
-497.89 -6.14 527.11
-505.70 -5.59 520.60
-514.13 -4.07 514.93
-522.61 -1.56 510.08
-532.51 -0.02 510.22
-542.29 1.85 511.75
Wait
20
-542.89 2.14 508.64
-534.34 -0.14 513.68
-526.32 -0.34 507.59
Named
Hamid
CustomNamed
-527.76 1.74 495.42
-521.63 -0.01 503.13
-515.04 -3.11 510.38
-507.61 -5.63 517.29
-498.68 -6.71 522.17
-489.17 -8.16 525.38
-479.11 -9.21 527.43
-469.09 -10.40 526.85
-459.24 -12.37 525.79
-449.44 -14.63 524.64
-439.73 -16.84 522.83
-431.38 -19.53 517.48
-423.08 -20.53 511.50
-413.99 -22.02 515.90
-404.09 -24.55 517.41
-393.90 -26.43 518.88
-384.75 -27.93 522.88
-374.57 -27.47 522.86
-364.91 -25.18 520.49
-356.09 -21.77 516.57
-348.69 -20.66 509.44
-339.90 -19.52 504.77
-330.85 -18.62 500.54
-320.10 -18.74 499.69
-310.34 -21.04 498.12
-301.12 -24.13 495.28
-291.48 -25.74 493.03
-281.43 -26.25 491.44
-271.46 -26.73 488.82
-261.52 -26.74 486.15
-251.80 -26.69 483.05
-242.18 -26.84 479.73
-232.96 -27.04 475.19
-225.10 -26.20 468.67
-218.93 -26.27 460.61
-214.48 -26.29 451.56
-210.00 -25.66 442.34
-204.99 -25.70 433.42
-199.54 -24.50 424.77
-193.79 -22.60 416.41
-188.03 -21.90 408.14
-182.14 -21.52 399.68
-176.29 -20.30 391.29
-170.64 -17.23 383.17
-162.42 -14.30 378.09
-156.66 -12.07 369.98
-152.62 -11.14 360.53
-150.16 -11.78 350.60
-148.90 -13.94 340.75
-148.74 -16.14 330.72
-153.29 -16.01 321.56
-160.69 -14.11 314.61
-167.96 -11.46 308.21
-175.55 -9.48 301.74
-183.33 -9.35 295.18
-191.45 -9.88 288.77
-199.71 -11.43 283.28
-208.63 -10.82 278.56
-217.74 -9.43 274.09
-226.87 -7.58 269.66
-236.28 -5.68 266.11
-246.14 -5.41 263.48
-256.20 -4.58 261.23
-266.15 -4.74 259.03
-276.30 -4.44 256.80
-286.14 -3.53 254.44
-295.86 -2.76 250.92
-304.80 -1.30 246.46
-313.47 0.55 241.66
-322.23 1.36 236.52
-330.34 1.28 230.14
-337.59 -0.16 222.90
-344.74 -1.75 215.60
-352.02 -3.57 208.53
-359.22 -5.73 201.60
-366.65 -6.09 194.53
-374.05 -6.71 187.50
-381.71 -6.75 180.62
-390.12 -6.76 174.83
-398.56 -6.63 169.32
-406.32 -2.57 163.80
-413.44 3.20 159.43
-420.25 6.51 152.89
DontStopForCombat
-427.30 5.24 145.72
-433.94 8.49 138.93
Wait
20
-438.52 7.98 131.06
StopForCombat
Named
Farid
CustomNamed
-437.80 8.54 138.90
-434.84 9.01 148.56
-426.56 8.51 154.39
-417.85 6.98 159.67
-410.37 1.41 164.09
-404.28 -6.05 167.60
-395.48 -6.61 172.73
-386.74 -7.03 178.07
-378.00 -6.82 183.34
-369.27 -6.69 188.56
-361.24 -5.94 194.93
-353.95 -4.80 201.76
-346.60 -2.57 208.67
-339.19 -0.86 215.64
-331.97 1.05 222.43
-324.50 1.36 229.46
-317.11 0.76 236.41
-309.35 -0.18 243.06
-300.63 -2.07 248.01
-291.01 -3.16 251.40
-281.30 -4.02 254.12
-271.67 -4.64 256.79
-262.03 -4.64 259.47
-252.38 -4.72 262.15
-242.50 -5.53 264.89
-232.64 -6.26 267.63
-223.05 -8.30 270.29
-213.37 -10.35 272.86
-203.36 -11.90 273.37
-193.21 -12.95 272.13
-183.92 -13.83 268.34
-175.70 -12.86 262.25
-167.69 -10.12 256.38
-159.61 -6.74 250.99
-151.17 -4.19 245.80
-142.28 -3.23 241.14
-132.84 -1.95 237.20
-123.22 -1.20 233.70
-113.61 -1.03 230.29
-103.94 -1.94 226.81
-94.55 -3.81 223.33
-85.35 -6.34 219.71
-76.33 -7.96 215.67
-67.48 -6.33 210.76
-59.41 -5.00 204.48
-51.27 -3.58 198.66
-42.30 -1.40 194.79
-32.52 0.90 193.36
-22.56 2.02 191.73
-12.95 2.68 188.84
-3.67 2.03 184.54
5.26 -0.47 180.01
13.70 -3.73 175.70
22.25 -5.11 170.58
30.46 -4.19 164.88
38.77 -2.46 159.09
47.52 -0.92 153.92
57.22 0.02 150.60
67.26 0.63 148.41
77.23 1.50 147.27
87.45 2.94 146.64
97.60 4.04 146.02
107.84 4.67 145.24
117.93 4.27 143.97
128.05 4.41 142.38
137.99 4.39 140.06
147.84 3.48 137.43
157.72 3.58 134.86
167.54 2.82 132.66
177.68 3.32 130.88
187.89 4.35 130.46
198.00 4.67 131.55
207.87 4.19 134.00
216.92 4.52 138.46
223.62 6.83 145.63
232.76 8.54 149.56
241.89 6.60 145.59
250.68 4.68 140.90
260.12 3.65 137.08
270.00 3.61 134.34
279.39 5.78 130.94
288.63 8.15 126.88
298.70 8.81 126.12
307.52 8.82 131.16
315.60 8.82 137.12
323.68 8.86 143.29
Wait
20
324.54 9.13 148.92
Custom
Target invading
324.54 9.13 148.92
Wait
20
324.54 9.13 148.92
328.20 9.28 158.37
Named
Khadra
CustomNamed
328.33 9.29 159.21
322.39 9.23 151.07
316.36 9.10 143.07
308.90 8.82 136.39
300.30 8.82 131.14
290.61 8.42 128.38
280.70 6.23 128.69
270.87 3.74 129.58
260.77 3.37 130.48
250.80 3.72 131.22
240.77 3.49 131.90
230.76 3.86 132.38
220.65 4.00 132.82
210.59 4.07 133.22
200.58 4.59 133.62
190.55 4.64 134.02
180.55 4.16 134.42
170.59 3.28 134.82
160.55 3.66 135.22
150.44 3.21 135.63
140.26 3.38 136.03
130.22 3.90 136.44
120.14 3.71 136.84
110.01 3.69 137.24
99.84 2.70 137.65
89.64 1.38 138.06
79.52 0.26 138.46
69.56 -0.64 139.01
59.43 -0.44 141.05
49.37 0.23 143.10
39.43 0.67 145.12
29.53 0.58 147.64
Named
Mustapha
CustomNamed
19.11 -0.06 150.52
Wait
20
-32.18 -3.12 137.33
