Renewal of Ro: Chosen Follower
Custom
Path 
190.86 -60.10 567.19
Custom
HailActor "Hakim al-Imam" 5 1 TRUE FALSE FALSE
190.86 -60.10 567.1
Wait
20
190.06 -60.10 567.35
Custom
FastTravel "Timorous Deep" TRUE
190.06 -60.10 567.35
Wait
20
2330.34 1.80 1446.08
2330.34 1.80 1446.08
Custom
ClickActor mariners_bell FALSE FALSE 50
2325.31 1.80 1450.70
Custom
TravelMap "Greater Faydark"
2325.31 1.80 1450.70
Wait
50
457.63 91.71 179.08
457.63 91.71 179.08
451.23 91.71 170.61
448.43 91.71 160.70
452.76 89.63 151.03
457.31 84.62 143.45
462.01 79.97 135.64
466.71 75.93 127.76
471.72 72.59 119.08
477.19 70.81 109.60
482.47 69.05 100.46
488.02 66.65 92.16
495.06 63.71 85.36
503.96 60.81 79.72
512.74 57.82 74.53
521.14 54.68 69.57
529.63 50.68 64.75
538.63 47.78 60.94
549.31 46.35 60.03
559.28 45.36 62.20
569.11 45.12 66.32
578.15 44.99 70.90
586.96 46.04 76.11
595.34 50.53 81.51
603.73 52.13 87.01
612.55 52.88 93.12
621.46 52.88 99.16
630.80 52.90 104.60
639.67 52.88 110.25
648.21 51.58 115.90
656.93 51.58 121.51
666.00 51.73 127.23
674.74 51.58 132.46
Custom
HailActor "Firiona Vie" 11 1 TRUE FALSE FALSE
678.09 51.58 134.36
Custom
FastTravel "Raj'Dur Plateaus" TRUE
678.09 51.58 134.36
202.66 -60.51 454.06
192.96 -60.14 450.63
185.41 -59.27 443.97
177.82 -57.56 436.52
171.15 -55.41 429.36
164.64 -52.89 421.07
158.21 -49.84 412.67
151.26 -46.54 404.75
144.85 -43.59 397.45
138.63 -39.68 390.38
131.39 -36.47 383.38
123.96 -32.87 377.11
116.44 -29.32 371.55
107.94 -25.81 365.72
98.86 -23.35 361.35
88.92 -20.67 358.26
79.07 -17.73 355.33
69.23 -15.52 352.35
59.67 -14.29 349.37
50.84 -10.23 346.61
43.76 -2.81 344.40
36.56 4.73 342.15
29.60 12.02 339.98
22.79 19.15 337.85
15.89 26.38 335.69
8.54 34.09 333.40
1.14 41.00 330.80
-6.22 47.75 328.14
-13.46 54.39 325.53
-20.67 60.99 322.93
-28.25 67.52 321.27
-36.30 73.79 323.98
-43.19 79.74 328.35
-51.44 77.17 334.74
-59.13 74.33 340.69
-67.31 71.60 346.94
-75.21 68.99 352.98
-83.18 66.43 359.03
-91.23 64.11 365.02
-99.60 61.70 371.25
-107.53 59.43 377.15
-115.92 57.02 383.39
-123.81 54.76 389.26
-132.23 52.34 395.53
-140.32 50.02 401.55
-148.31 47.72 407.49
-156.40 45.40 413.51
-164.34 43.12 419.42
-172.63 40.74 425.59
-180.67 38.43 431.57
-188.84 36.09 437.66
-197.14 33.70 443.83
-205.25 31.38 449.64
-213.59 28.92 454.95
-221.82 26.50 460.18
-230.10 24.07 465.42
-238.83 21.67 469.68
-248.04 19.55 472.98
-257.59 17.62 476.27
-267.24 15.91 479.47
-276.99 14.60 482.14
-287.18 13.25 484.55
-297.29 11.86 486.60
-307.58 10.48 488.54
-315.84 17.01 490.04
-325.76 17.67 491.45
-336.36 16.18 492.65
-345.11 21.02 493.64
-355.79 19.52 494.84
-365.68 18.09 495.39
-376.22 16.48 495.67
-385.66 21.55 495.91
-394.84 26.55 496.14
-404.79 24.96 495.30
-414.87 23.24 492.96
-424.97 22.13 490.13
-432.51 28.81 486.92
-442.27 27.19 482.42
-451.70 24.99 478.06
-461.42 22.73 473.58
-469.92 27.60 469.65
-479.59 27.65 465.19
-488.63 25.55 461.01
-498.24 23.24 456.38
-506.63 20.81 451.31
-515.66 18.09 445.90
-524.20 14.78 440.80
-532.69 10.75 435.55
-543.31 10.96 434.48
Custom
HailActor "Firiona Vie" 2 1 TRUE FALSE FALSE
-545.23 11.00 437.00
